$ 1 0.000049999999999999996 382.76258214399064 50 5 43 5e-11
c 16 160 16 240 0 0.000009999999999999999 4.4561421546415144e-57 0.001
g 16 240 16 272 0 0
r 16 160 -80 160 0 39000
w 16 160 80 160 0
r 16 352 16 416 0 39000
r 16 448 16 528 0 100000
g 16 528 16 560 0 0
w 16 416 16 448 0
w 16 448 96 448 0
w -80 272 16 352 0
401 160 272 320 272 1 8\s15\s-15\s1000000\s3.5971223021582737\s4.4561421546415144e-57\s100000 0\s20\s10000000000 1\s0
w 80 160 160 256 0
w 96 448 160 288 0
r 320 272 320 160 0 10000
w 320 272 400 272 0
x -178 223 -113 226 4 12 NO\sERROR
x 68 -2 197 1 4 24 500ms\slatch
r 688 400 688 512 0 560000
g 688 512 688 544 0 0
R -80 272 -80 336 0 0 40 5 0 0 0.5
R 320 160 320 112 0 0 40 5 0 0 0.5
R 688 240 688 192 0 0 40 5 0 0 0.5
w 688 368 784 368 0
w 688 368 608 368 0
c 688 240 688 304 0 0.000009999999999999999 4.938494426646877 0.001
s 624 304 576 304 0 1 true
g 576 304 528 304 0 0
r 624 304 688 304 0 5
r 784 368 848 368 0 0.001
368 400 272 400 336 0 5
368 832 64 832 128 0 5
R 752 -48 752 -96 0 0 40 5 0 0 0.5
w 752 64 832 64 0
r 752 64 752 -48 0 1000
401 592 64 752 64 1 8\s15\s-15\s1000000\s1.02\s0.06150557335312227\s100000 0\s20\s10000000000 1\s0
w 608 368 464 368 0
R 592 80 528 80 0 0 40 1.02 0 0 0.5
w 912 368 912 608 0
w 912 608 432 608 0
w 432 608 432 272 0
w 432 272 400 272 0
w 464 80 464 368 0
S -96 160 -96 272 0 1 false 0 2
w -96 160 -80 160 0
g -112 272 -112 320 0 0
w 464 80 464 48 0
w 464 48 592 48 0
f 880 352 848 352 33 1.5 0.02
w 880 352 912 352 0
w 912 352 912 368 0
R 848 320 848 288 0 0 40 5 0 0 0.5
w 848 320 848 336 0
x 511 -9 677 -6 4 24 10s\scomparator
x -65 215 -21 218 4 12 ERROR
f 336 64 416 64 32 1.5 0.02
g 416 80 416 144 0 0
c 336 64 336 0 0 0.00001 -4.999999999801051 0.001
R 336 0 336 -48 0 0 40 5 0 0 0.5
r 336 64 240 64 0 560000
g 240 64 208 64 0 0
370 464 48 416 48 1 0 0
368 688 368 576 448 0 0
370 688 368 688 400 1 0 0
w 688 304 688 368 0
o 30 32 0 4099 1.25 1.6 0 2 30 3
o 37 32 3 4099 5 0.00009765625 1 1
o 24 32 0 4099 5 0.00009765625 2 2 24 3
