$ 1 0.000005 10.20027730826997 50 5 43 5e-11
f 64 144 128 144 32 1.5 0.02
R 128 0 128 -64 0 0 40 5 0 0 0.5
r 128 192 128 288 0 10000
g 128 288 128 336 0 0
s 64 144 -16 144 0 0 false
R -16 16 -64 16 0 0 40 5 0 0 0.5
c -16 16 -16 96 0 1.0000000000000001e-7 4.96787523918216 0.001
r -16 144 -16 224 0 560000
g -16 224 -16 256 0 0
w -16 144 -16 96 2
w 128 192 128 160 3
c 128 0 128 128 0 0.00001 1.0759190477658245 0.001
w 128 128 224 128 3
r 224 128 336 128 0 600000
g 336 128 400 128 0 0
o 6 64 0 4099 5 0.00009765625 0 2 6 3
o 9 64 0 4099 1.25 0.00009765625 1 2 9 3
o 11 256 0 4099 1.25 0.000390625 2 2 11 3
